MH_45ThickPercent = 9.85;
MH_45MaxThickChord = 26.9;
MH_45=[[1,0],[0.992616,-0.00017938],[0.978541,-9.869e-005],[0.961568,0.00052546],[0.943072,0.0015765],[0.924004,0.00293829],[0.904648,0.00454226],[0.885172,0.006345],[0.865665,0.00832085],[0.84615,0.0104616],[0.826615,0.0127633],[0.807026,0.015215],[0.787347,0.0178033],[0.767548,0.0205022],[0.747625,0.0232793],[0.727602,0.0261062],[0.707539,0.0289551],[0.687516,0.0317925],[0.667581,0.034587],[0.647727,0.037316],[0.627928,0.0399667],[0.608168,0.0425267],[0.588445,0.0449833],[0.568754,0.047326],[0.549085,0.049546],[0.529426,0.0516387],[0.509767,0.0536007],[0.490108,0.0554284],[0.470447,0.057119],[0.45079,0.0586697],[0.431139,0.0600759],[0.411504,0.0613319],[0.391894,0.0624313],[0.372313,0.0633654],[0.352762,0.0641256],[0.33324,0.0647034],[0.313762,0.0650894],[0.294357,0.0652701],[0.275046,0.0652256],[0.255833,0.0649363],[0.236717,0.0643832],[0.217707,0.0635473],[0.19882,0.062408],[0.180085,0.0609454],[0.161542,0.059134],[0.143232,0.0569466],[0.125217,0.0543517],[0.107596,0.051322],[0.09051,0.0478272],[0.0741594,0.0438442],[0.0589584,0.0394061],[0.0452912,0.0345975],[0.0333891,0.029534],[0.0240311,0.0247261],[0.0171355,0.0204361],[0.0118895,0.0164765],[0.00787937,0.0128904],[0.00493187,0.00986206],[0.00284325,0.00727975],[0.00144293,0.00489852],[0.00058749,0.00256853],[0.00022317,0.00028353],[0.00038544,-0.00184596],[0.00118455,-0.00374553],[0.00272273,-0.00545642],[0.00510389,-0.00712985],[0.00847008,-0.00898457],[0.0130072,-0.0111514],[0.0188098,-0.0134698],[0.02619,-0.0159114],[0.0365186,-0.0187242],[0.0506405,-0.021869],[0.0663851,-0.024687],[0.0832606,-0.0270885],[0.101068,-0.0290544],[0.119319,-0.0305798],[0.137958,-0.0317314],[0.156961,-0.0325752],[0.176187,-0.033153],[0.195568,-0.0334985],[0.215115,-0.0336476],[0.234807,-0.0336352],[0.254586,-0.0334855],[0.274413,-0.0332129],[0.294287,-0.0328308],[0.314213,-0.0323516],[0.334192,-0.0317875],[0.354219,-0.0311501],[0.374284,-0.0304509],[0.394374,-0.0296992],[0.414483,-0.0289006],[0.434615,-0.0280604],[0.454778,-0.0271852],[0.474969,-0.0262827],[0.495177,-0.0253596],[0.51539,-0.0244187],[0.535612,-0.023462],[0.55585,-0.0224925],[0.576107,-0.0215148],[0.596378,-0.0205334],[0.616654,-0.0195507],[0.636928,-0.018568],[0.657199,-0.0175862],[0.677467,-0.0166063],[0.697736,-0.0156286],[0.718008,-0.0146526],[0.738283,-0.0136773],[0.75856,-0.0127022],[0.778835,-0.0117278],[0.799105,-0.0107548],[0.819368,-0.00978503],[0.839626,-0.00881954],[0.859883,-0.00785512],[0.880151,-0.00688847],[0.900396,-0.00592428],[0.920527,-0.00495974],[0.940508,-0.00396586],[0.960031,-0.00294225],[0.977894,-0.00186493],[0.992541,-0.00071029]];